Operation    Batch Size   Trial    Wall (s)       Compute (s)    Loop (s)
----------------------------------------------------------------------------
INIT         10           0        83.6338        4.3848         0.3567
UPDATE       10           0        1.4265         0.9919         0.3434
KILL         10           0        0.1078         0.0000         0.0000
INIT         10           1        4.8232         4.2988         0.3530
UPDATE       10           1        1.4865         1.0102         0.4031
KILL         10           1        0.0948         0.0000         0.0000
INIT         10           2        4.5188         3.9664         0.3404
UPDATE       10           2        1.3850         0.9817         0.3408
KILL         10           2        0.1150         0.0000         0.0000

INIT         25           0        16.9308        15.6956        0.7752
UPDATE       25           0        3.4811         2.5928         0.7764
KILL         25           0        0.0758         0.0000         0.0000
INIT         25           1        16.1726        14.9585        0.9186
UPDATE       25           1        3.5823         2.5634         0.9209
KILL         25           1        0.0904         0.0000         0.0000
INIT         25           2        15.0075        13.8024        0.9455
UPDATE       25           2        3.4774         2.4762         0.9163
KILL         25           2        0.1304         0.0000         0.0000

INIT         50           0        30.1630        27.6584        1.7579
UPDATE       50           0        6.6376         4.6333         1.7986
KILL         50           0        0.0785         0.0000         0.0000
INIT         50           1        28.2108        26.0753        1.7192
UPDATE       50           1        9.6376         4.7140         1.8475
KILL         50           1        0.1612         0.0000         0.0000
INIT         50           2        29.9700        26.7531        1.7709
UPDATE       50           2        6.4828         4.5889         1.7961
KILL         50           2        0.1036         0.0000         0.0000
