Operation    Batch Size   Trial    Wall (s)       Compute (s)    Loop (s)      
----------------------------------------------------------------------------
INIT         10           0        33.1490        9.0493         0.3697        
UPDATE       10           0        6.2443         5.8725         0.3688        
KILL         10           0        0.0024         0.0000         0.0000        
INIT         10           1        9.5285         9.0942         0.3701        
UPDATE       10           1        6.2661         5.8940         0.3693        
KILL         10           1        0.0021         0.0000         0.0000        
INIT         10           2        9.5470         9.1080         0.3744        
UPDATE       10           2        6.2738         5.9011         0.3697        
KILL         10           2        0.0022         0.0000         0.0000        

INIT         25           0        24.1739        22.8073        0.9226        
UPDATE       25           0        8.7674         7.8440         0.9203        
KILL         25           0        0.0027         0.0000         0.0000        
INIT         25           1        23.8542        22.7783        0.9198        
UPDATE       25           1        8.7354         7.8145         0.9179        
KILL         25           1        0.0023         0.0000         0.0000        
INIT         25           2        24.1320        23.0438        0.9330        
UPDATE       25           2        8.8680         7.9328         0.9326        
KILL         25           2        0.0023         0.0000         0.0000        

INIT         50           0        51.3107        48.6634        1.8544        
UPDATE       50           0        13.0666        11.2072        1.8563        
KILL         50           0        0.0026         0.0000         0.0000        
INIT         50           1        50.7315        48.5664        1.8538        
UPDATE       50           1        13.1691        11.3098        1.8563        
KILL         50           1        0.0021         0.0000         0.0000        
INIT         50           2        50.7813        48.6189        1.8516        
UPDATE       50           2        13.1872        11.3266        1.8571        
KILL         50           2        0.0021         0.0000         0.0000
